.Random.seed <-
c(403L, 10L, 964554373L, -1271902916L, -2068279278L, 1884987149L, 
-525673401L, 1330294318L, 560052104L, 2011431563L, 1367716969L, 
1024194616L, -1256967962L, -1656055679L, -838467565L, -2027583550L, 
-1947721612L, -734767497L, 312149869L, -1674201084L, -224971990L, 
1486227605L, -766421201L, 2064006710L, -1793889696L, 1690499235L, 
291707841L, 1496274864L, -1456356658L, 971776057L, 999429707L, 
-1870783494L, -757995780L, 1198500671L, 1946756117L, -698171604L, 
-910846974L, 58578653L, 926098903L, 1971081406L, -580508936L, 
-155506469L, -827401415L, -1975521656L, -2022286794L, -1312902543L, 
1817700515L, -2054479374L, -772886204L, -1569461753L, -238626851L, 
-1313222444L, 1347702778L, -1890564283L, -586472545L, 11741478L, 
-2122892880L, -691383725L, -981099151L, -1726567264L, 1471212606L, 
-688839863L, -1277660677L, -784427574L, -970630356L, 562320175L, 
-1806874139L, 1624806556L, 960602354L, 216021357L, -122947929L, 
-591464242L, 2077644328L, -91726293L, 643970121L, -1179957928L, 
578100230L, 696786401L, 1054041971L, 2069619682L, 1941064532L, 
1819723351L, -1204355507L, -1876299292L, 1405471690L, -343609803L, 
866464911L, -364454506L, 3883328L, 600660995L, -1615897055L, 
-1309382384L, -1844148498L, -1510729063L, 871764779L, -1309491686L, 
1971393756L, -286119713L, -1478490443L, 968638540L, -1391412062L, 
-619312131L, 28907767L, 1769111070L, -1491234600L, 823997499L, 
605511129L, -1509291160L, -710482282L, 1496432657L, -372268605L, 
880332242L, -1270143900L, -832154713L, 1977564413L, 2041403636L, 
-1414500390L, -1075641563L, -1965723073L, 134371782L, -1251201456L, 
871948915L, 1921111697L, -836112704L, 1730181278L, -730819479L, 
317571227L, 575226282L, -932865588L, -1821854577L, -1596781371L, 
960945276L, -1826975534L, 535539789L, 271354119L, 877067502L, 
1533711816L, -907273525L, -1482587351L, 35742584L, 12875942L, 
-527170879L, 565031763L, 538517506L, 1513033012L, 743229111L, 
-604128595L, -1231668284L, -839425046L, -700085163L, 824734191L, 
415554038L, 380436256L, -1277423389L, -1692285567L, -591125520L, 
-1413879154L, 2085780985L, 612319115L, -659948614L, -762453316L, 
-1556547073L, 383854421L, 344432748L, -11438910L, 835985181L, 
-1797778025L, 676791550L, 1640451768L, -1167118181L, 1723318009L, 
1792741448L, -751082634L, 967276209L, -540403997L, -1331288654L, 
-430322172L, 451913031L, 1310777373L, -191076716L, -1299993030L, 
-1843879803L, 157590879L, -1008513562L, -602200976L, 1289697171L, 
1858240561L, 895110880L, 564225918L, 62529033L, 1007924795L, 
-1860483062L, 882358252L, -543032209L, 2040812453L, -1076186276L, 
1119436594L, -88854995L, 1647961319L, 1164633614L, -900711448L, 
1513653739L, 254054025L, 1741774360L, 205280582L, -1104002143L, 
537898547L, -1642331230L, -832072044L, 1554642199L, -387755251L, 
-805076444L, -1100887542L, -86396043L, 1778620111L, -539969066L, 
-296725120L, 1184517571L, -1285870751L, -981093936L, -1646876370L, 
858353881L, -1825600789L, -94857382L, 1257672988L, 279951391L, 
-1904491403L, -1766776564L, 1947888866L, 1884159226L, 869711696L, 
-463825108L, -1077289612L, -663707758L, -1236452256L, 839918988L, 
-963865760L, 106657250L, -1966914648L, -1900042036L, 319738876L, 
-1022803534L, 587238896L, -1058922556L, 287050072L, 1894047098L, 
2109130672L, -1031914052L, -815074220L, -3385406L, -490977248L, 
-1088847684L, -1639090608L, 1589811170L, -2068178840L, -1632511924L, 
-1383381764L, 1073653746L, 1220484352L, -264395404L, -1539252216L, 
565257146L, 186320336L, -543555604L, -191961708L, 530489810L, 
-1965090464L, -247801012L, 1466269984L, -176969854L, 2136620776L, 
-985011988L, 1397180476L, 667111282L, 1726180976L, -34665436L, 
706338616L, -1017852774L, 1830294224L, 104190140L, 1456598676L, 
-1609142654L, -1547329344L, -1203632324L, 228511888L, -1040609758L, 
2008525832L, 1996426508L, 325143708L, -82783726L, 349254528L, 
-236095980L, -94573016L, -882188998L, -202330672L, 903841900L, 
-558103244L, -755619182L, 138104672L, 823619404L, 92923872L, 
1436875682L, 1041079208L, 2030254476L, -1819362116L, 611926386L, 
-2038683408L, 749688900L, -1037146792L, -674821574L, 729845616L, 
1385319484L, 1048118036L, 1206224322L, 559255264L, 246754172L, 
-144051504L, -1849135966L, 1347141672L, -2101118708L, 1210371004L, 
63749426L, 790077888L, 800913972L, 542674888L, -668287814L, -93572720L, 
-277642772L, 1929229908L, 994989202L, -483097824L, -1701330484L, 
-1226738208L, 259122882L, 215844904L, -950266196L, -513400644L, 
-1995170318L, -1715122896L, -1400675164L, 1393261240L, 842291546L, 
-772470384L, -1857640580L, 1855891732L, -641310910L, -1137889536L, 
-1049738308L, -1719446704L, 2125414178L, 1510171976L, 1541672460L, 
345143388L, 1453527250L, -122122752L, -774106796L, 1148853736L, 
-683770886L, -281289520L, -1732429524L, -2080373004L, 229203346L, 
-372932512L, 1389286668L, 1081178848L, -752304798L, -747478360L, 
180251212L, 1346221436L, 723048754L, -1927312272L, 1497385796L, 
-1738841640L, -700984198L, 1846289968L, -274988356L, 705262420L, 
780709954L, -1091466848L, 1070708412L, 897088976L, -641794718L, 
764119016L, -1703366708L, -1999633668L, 820917746L, 562547840L, 
-383051532L, 59005576L, 993717050L, -480491696L, -1379526036L, 
-364062572L, -808623790L, -1967245600L, 1211909836L, 1182804128L, 
1615718274L, -1783871768L, -1432031508L, -333385668L, -720820622L, 
301519984L, -651695580L, -1608542152L, 888926234L, 2094524112L, 
-563938244L, 948890772L, 747751554L, 319934400L, -118367940L, 
-1451084144L, 1917231138L, -942450680L, 1943735436L, -171502564L, 
178186898L, 830681216L, 266728468L, 1833257256L, 1413868090L, 
186627280L, 367506540L, 1822162612L, 1619773458L, -41343008L, 
-2060807220L, -2066330144L, 262308386L, -125944536L, 1646998796L, 
1608461884L, 966697202L, 582823664L, -1392029884L, -590561704L, 
-964027846L, 87383792L, -1679470404L, 34611732L, 1377739970L, 
438350944L, -1134043780L, -1359249200L, -1712147422L, 983625384L, 
-1974647924L, -683221572L, -689943502L, 402941760L, 1081210036L, 
-1113921720L, -1540293958L, 1626955536L, 1144220908L, -1935241965L, 
1521566325L, 269987922L, -1631141216L, 485912457L, -1833604165L, 
-1539838964L, -855565926L, -1540146929L, -9943207L, 965945838L, 
680375420L, 570069229L, 1321310103L, 361427040L, 2090676798L, 
-1844784373L, 328386957L, 1319367354L, -1675355912L, 1109436065L, 
-2123891117L, 867615092L, -1852000510L, -1798250601L, -413249183L, 
1496684966L, -36103260L, -959199659L, 870008575L, 1832749976L, 
-1386074954L, -625473213L, 559538309L, 605731106L, -1893037552L, 
-850587207L, -725474709L, 1010875740L, 1556843658L, 1388807295L, 
1556557257L, 228632158L, 420906252L, -2032713507L, 1120792039L, 
2103621136L, 1444604718L, 907522011L, 1259212989L, -1089398230L, 
1456260808L, 64955377L, -2027698845L, 1140923748L, 1381572754L, 
1388082535L, 1340165937L, -2053020554L, 962493844L, 1493682597L, 
195568303L, 1139073896L, -1641341114L, 786335475L, -1782691755L, 
-124931022L, -1399156224L, 2117477097L, 872151387L, -254659668L, 
1001197498L, -954668689L, 335454969L, -17527922L, -608782756L, 
-2059410227L, -461263817L, -600865088L, -602349154L, 1977866859L, 
1753186797L, -1107079078L, 1492598552L, -904690559L, 1371546163L, 
-1178042284L, -180124574L, 1383779063L, 1626887489L, 1745236934L, 
597496068L, -1805422411L, 1438842783L, -407752712L, 973922774L, 
208910435L, -17052635L, 1429629890L, 1065099440L, -569013031L, 
-795194805L, 1325648060L, -25202966L, -1619230945L, 702873513L, 
1875089726L, -1027342292L, 890752637L, -121679673L, 1439522224L, 
608982990L, -1510437637L, -534889635L, 368509066L, 1678806696L, 
324579857L, -1818713341L, 1625732612L, -567933390L, -1111828857L, 
1518680785L, -1662849962L, 1253844020L, -1382881467L, -276968049L, 
1478556936L, 480141094L, 1187856339L, -1659768523L, 1068886162L, 
-928946080L, -355009079L, -2005469957L, -2046993716L, 649387866L, 
826944079L, -1937133799L, -529503954L, 281131836L, -1765752659L, 
-1309686953L, -808212832L, -667267074L, 1685096139L, 837437645L, 
414321658L, 1275172920L, -486211103L, -1880913261L, -1643110220L, 
